"Sample Number","Language","Time","Number of Partitioning Stages","Number of Exchanges","Number of Compares"
1,java 1.8.0_25,00.241,0,0,0
2,java 1.8.0_25,00.243,0,1,1
3,java 1.8.0_25,00.253,0,0,0
4,java 1.8.0_25,00.249,0,2,2
5,java 1.8.0_25,00.241,0,6,6
6,java 1.8.0_25,00.258,0,8,8
7,java 1.8.0_25,00.241,0,9,9
8,java 1.8.0_25,00.279,0,16,16
9,java 1.8.0_25,00.266,0,13,13
10,java 1.8.0_25,00.247,0,27,27
11,java 1.8.0_25,00.254,3,20,22
12,java 1.8.0_25,00.263,4,20,31
13,java 1.8.0_25,00.250,3,15,19
14,java 1.8.0_25,00.291,3,19,37
15,java 1.8.0_25,00.262,5,24,36
16,java 1.8.0_25,00.301,5,40,41
17,java 1.8.0_25,00.254,4,21,42
18,java 1.8.0_25,00.268,9,30,50
19,java 1.8.0_25,00.253,6,43,59
20,java 1.8.0_25,00.277,10,25,42
21,java 1.8.0_25,00.239,8,42,52
22,java 1.8.0_25,00.248,12,39,73
23,java 1.8.0_25,00.258,12,36,55
24,java 1.8.0_25,00.255,15,38,70
25,java 1.8.0_25,00.299,11,44,75
26,java 1.8.0_25,00.255,13,50,67
27,java 1.8.0_25,00.305,15,50,69
28,java 1.8.0_25,00.255,11,48,60
29,java 1.8.0_25,00.314,13,81,103
30,java 1.8.0_25,00.253,16,89,134
31,java 1.8.0_25,00.269,22,51,68
32,java 1.8.0_25,00.275,14,61,121
33,java 1.8.0_25,00.254,17,75,92
34,java 1.8.0_25,00.265,20,78,128
35,java 1.8.0_25,00.256,18,59,107
36,java 1.8.0_25,00.261,22,79,168
37,java 1.8.0_25,00.266,25,82,140
38,java 1.8.0_25,00.253,26,69,120
39,java 1.8.0_25,00.255,22,76,134
40,java 1.8.0_25,00.295,23,101,139
41,java 1.8.0_25,00.263,24,95,163
42,java 1.8.0_25,00.302,30,82,170
43,java 1.8.0_25,00.254,28,87,115
44,java 1.8.0_25,00.309,36,82,130
45,java 1.8.0_25,00.255,28,79,145
46,java 1.8.0_25,00.275,33,77,168
47,java 1.8.0_25,00.401,33,120,173
48,java 1.8.0_25,00.292,38,93,156
49,java 1.8.0_25,00.332,24,109,196
50,java 1.8.0_25,00.305,38,113,206
51,java 1.8.0_25,00.286,33,122,207
52,java 1.8.0_25,00.273,40,132,183
53,java 1.8.0_25,00.305,39,112,175
54,java 1.8.0_25,00.349,35,122,278
55,java 1.8.0_25,00.357,36,115,232
56,java 1.8.0_25,00.267,39,128,215
57,java 1.8.0_25,00.361,49,137,227
58,java 1.8.0_25,00.290,46,116,318
59,java 1.8.0_25,00.324,52,143,243
60,java 1.8.0_25,00.320,42,139,294
61,java 1.8.0_25,00.354,46,134,267
62,java 1.8.0_25,00.307,54,144,229
63,java 1.8.0_25,00.377,49,154,234
64,java 1.8.0_25,00.296,51,151,226
65,java 1.8.0_25,00.380,56,147,281
66,java 1.8.0_25,00.272,58,128,245
67,java 1.8.0_25,00.362,57,141,310
68,java 1.8.0_25,00.306,50,121,312
69,java 1.8.0_25,00.358,57,141,338
70,java 1.8.0_25,00.300,65,172,274
71,java 1.8.0_25,00.362,60,163,240
72,java 1.8.0_25,00.270,57,145,395
73,java 1.8.0_25,00.358,54,158,357
74,java 1.8.0_25,00.329,67,155,279
75,java 1.8.0_25,00.344,63,175,290
76,java 1.8.0_25,00.273,66,177,295
77,java 1.8.0_25,00.313,67,175,309
78,java 1.8.0_25,00.315,67,166,266
79,java 1.8.0_25,00.329,66,175,327
80,java 1.8.0_25,00.281,72,205,327
81,java 1.8.0_25,00.402,63,186,379
82,java 1.8.0_25,00.311,67,178,400
83,java 1.8.0_25,00.303,64,193,370
84,java 1.8.0_25,00.390,69,184,320
85,java 1.8.0_25,00.320,77,181,358
86,java 1.8.0_25,00.275,74,188,351
87,java 1.8.0_25,00.361,85,199,403
88,java 1.8.0_25,00.272,85,198,439
89,java 1.8.0_25,00.322,84,217,370
90,java 1.8.0_25,00.371,81,208,398
91,java 1.8.0_25,00.357,84,212,507
92,java 1.8.0_25,00.345,90,247,442
93,java 1.8.0_25,00.352,95,211,392
94,java 1.8.0_25,00.278,95,248,369
95,java 1.8.0_25,00.349,89,233,435
96,java 1.8.0_25,00.357,90,218,386
97,java 1.8.0_25,00.436,98,209,481
98,java 1.8.0_25,00.294,90,227,501
99,java 1.8.0_25,00.353,94,220,577
100,java 1.8.0_25,00.305,97,260,495
101,java 1.8.0_25,00.278,110,248,379
102,java 1.8.0_25,00.335,100,233,462
103,java 1.8.0_25,00.390,101,264,504
104,java 1.8.0_25,00.377,98,260,486
105,java 1.8.0_25,00.512,94,233,564
106,java 1.8.0_25,00.405,116,242,412
107,java 1.8.0_25,00.610,110,226,519
108,java 1.8.0_25,00.514,111,268,449
109,java 1.8.0_25,00.370,106,278,480
110,java 1.8.0_25,00.355,102,253,498
111,java 1.8.0_25,00.470,113,295,443
112,java 1.8.0_25,00.521,101,291,588
113,java 1.8.0_25,00.492,114,248,556
114,java 1.8.0_25,00.602,105,265,440
115,java 1.8.0_25,00.380,119,262,458
116,java 1.8.0_25,00.490,105,288,611
117,java 1.8.0_25,00.404,117,250,513
118,java 1.8.0_25,00.441,118,277,507
119,java 1.8.0_25,00.467,111,297,584
120,java 1.8.0_25,00.568,113,277,541
121,java 1.8.0_25,00.558,125,319,607
122,java 1.8.0_25,00.554,118,304,625
123,java 1.8.0_25,00.586,110,301,490
124,java 1.8.0_25,00.546,127,315,660
125,java 1.8.0_25,00.590,134,308,512
126,java 1.8.0_25,00.440,126,309,658
127,java 1.8.0_25,00.427,136,284,520
128,java 1.8.0_25,00.463,141,299,548
129,java 1.8.0_25,00.477,135,324,569
130,java 1.8.0_25,00.510,123,356,718
131,java 1.8.0_25,00.525,135,337,500
132,java 1.8.0_25,00.441,132,341,665
133,java 1.8.0_25,00.359,132,358,577
134,java 1.8.0_25,00.388,147,334,619
135,java 1.8.0_25,00.350,144,336,919
136,java 1.8.0_25,00.377,144,328,756
137,java 1.8.0_25,00.405,151,314,694
138,java 1.8.0_25,00.328,152,363,591
139,java 1.8.0_25,00.359,147,333,698
140,java 1.8.0_25,00.406,143,375,844
141,java 1.8.0_25,00.374,150,339,604
142,java 1.8.0_25,00.369,138,369,782
143,java 1.8.0_25,00.396,151,337,651
144,java 1.8.0_25,00.356,147,346,747
145,java 1.8.0_25,00.395,153,320,951
146,java 1.8.0_25,00.415,166,358,675
147,java 1.8.0_25,00.350,163,361,690
148,java 1.8.0_25,00.313,168,371,758
149,java 1.8.0_25,00.459,160,346,728
150,java 1.8.0_25,00.305,160,350,684
151,java 1.8.0_25,00.309,148,406,843
152,java 1.8.0_25,00.343,177,389,694
153,java 1.8.0_25,00.365,169,363,814
154,java 1.8.0_25,00.388,179,402,779
155,java 1.8.0_25,00.680,178,371,677
156,java 1.8.0_25,00.498,167,440,827
157,java 1.8.0_25,00.664,181,392,741
158,java 1.8.0_25,00.559,182,402,698
159,java 1.8.0_25,00.614,176,397,734
160,java 1.8.0_25,00.546,186,387,736
161,java 1.8.0_25,00.514,180,409,767
162,java 1.8.0_25,00.555,167,405,1095
163,java 1.8.0_25,00.618,179,394,954
164,java 1.8.0_25,00.554,171,393,1117
165,java 1.8.0_25,00.476,188,433,905
166,java 1.8.0_25,00.468,187,423,859
167,java 1.8.0_25,00.574,194,419,731
168,java 1.8.0_25,00.549,188,417,944
169,java 1.8.0_25,00.530,191,460,999
170,java 1.8.0_25,00.650,197,408,718
171,java 1.8.0_25,00.625,198,424,755
172,java 1.8.0_25,00.655,181,458,1111
173,java 1.8.0_25,00.655,204,442,785
174,java 1.8.0_25,00.619,204,461,771
175,java 1.8.0_25,00.716,207,458,1168
176,java 1.8.0_25,00.583,204,452,884
177,java 1.8.0_25,00.569,198,458,974
178,java 1.8.0_25,00.657,208,443,901
179,java 1.8.0_25,00.511,200,464,1114
180,java 1.8.0_25,00.608,192,476,857
181,java 1.8.0_25,00.717,207,461,961
182,java 1.8.0_25,00.600,211,439,1027
183,java 1.8.0_25,00.775,216,484,793
184,java 1.8.0_25,00.598,201,472,1107
185,java 1.8.0_25,01.009,224,439,952
186,java 1.8.0_25,00.960,228,454,1189
187,java 1.8.0_25,00.794,230,487,925
188,java 1.8.0_25,00.781,202,472,1110
189,java 1.8.0_25,00.797,220,510,1020
190,java 1.8.0_25,00.864,223,502,1103
191,java 1.8.0_25,00.974,235,491,858
192,java 1.8.0_25,01.384,224,495,1040
193,java 1.8.0_25,00.909,218,532,1107
194,java 1.8.0_25,00.870,229,465,1278
195,java 1.8.0_25,00.902,228,535,955
196,java 1.8.0_25,00.588,234,506,970
197,java 1.8.0_25,00.492,223,497,1073
198,java 1.8.0_25,00.440,250,513,1060
199,java 1.8.0_25,00.400,227,498,1193
200,java 1.8.0_25,00.410,248,542,954
201,java 1.8.0_25,00.429,236,558,956
202,java 1.8.0_25,00.364,243,546,1042
203,java 1.8.0_25,00.420,245,550,1068
204,java 1.8.0_25,00.366,238,573,1106
205,java 1.8.0_25,00.530,256,517,979
206,java 1.8.0_25,00.503,238,533,1282
207,java 1.8.0_25,00.549,261,559,1209
208,java 1.8.0_25,00.479,230,531,1421
209,java 1.8.0_25,00.654,244,504,1078
210,java 1.8.0_25,00.666,234,558,1080
211,java 1.8.0_25,00.968,260,528,1022
212,java 1.8.0_25,01.001,262,537,1220
213,java 1.8.0_25,00.976,248,570,1236
214,java 1.8.0_25,00.846,264,574,1063
215,java 1.8.0_25,00.468,269,533,1073
216,java 1.8.0_25,00.455,266,580,1170
217,java 1.8.0_25,00.392,271,535,1135
218,java 1.8.0_25,00.430,270,591,1050
219,java 1.8.0_25,00.445,269,564,1124
220,java 1.8.0_25,00.455,268,616,1190
221,java 1.8.0_25,00.414,253,572,989
222,java 1.8.0_25,00.433,257,615,1478
223,java 1.8.0_25,00.544,276,615,1067
224,java 1.8.0_25,00.491,277,570,1443
225,java 1.8.0_25,00.483,269,583,1317
226,java 1.8.0_25,00.479,265,589,1218
227,java 1.8.0_25,00.739,282,632,1213
228,java 1.8.0_25,00.849,273,579,1463
229,java 1.8.0_25,01.071,281,584,1192
230,java 1.8.0_25,00.915,263,598,1414
231,java 1.8.0_25,00.935,289,615,1192
232,java 1.8.0_25,00.841,287,597,1264
233,java 1.8.0_25,00.872,270,641,1319
234,java 1.8.0_25,00.834,283,623,1486
235,java 1.8.0_25,00.906,289,672,1401
236,java 1.8.0_25,00.996,287,561,1562
237,java 1.8.0_25,00.730,312,604,1209
238,java 1.8.0_25,00.479,287,618,1713
239,java 1.8.0_25,00.445,286,633,1475
240,java 1.8.0_25,00.403,307,671,1133
241,java 1.8.0_25,00.408,297,635,1486
242,java 1.8.0_25,00.377,301,640,1559
243,java 1.8.0_25,00.390,287,649,1760
244,java 1.8.0_25,00.399,300,644,1315
245,java 1.8.0_25,00.380,307,654,1550
246,java 1.8.0_25,00.452,292,697,1719
247,java 1.8.0_25,00.597,297,668,1650
248,java 1.8.0_25,00.576,314,692,1361
249,java 1.8.0_25,00.587,296,628,1411
250,java 1.8.0_25,00.502,291,692,1806
251,java 1.8.0_25,00.676,322,698,1490
252,java 1.8.0_25,00.753,311,649,1827
253,java 1.8.0_25,00.845,326,680,1481
254,java 1.8.0_25,00.679,316,632,1635
255,java 1.8.0_25,00.708,298,665,2376
256,java 1.8.0_25,00.743,314,692,1703
257,java 1.8.0_25,00.462,307,665,1980
258,java 1.8.0_25,00.447,330,677,1377
259,java 1.8.0_25,00.390,313,719,1667
260,java 1.8.0_25,00.383,320,672,1605
261,java 1.8.0_25,00.432,307,663,1698
262,java 1.8.0_25,00.429,327,717,1696
263,java 1.8.0_25,00.384,341,689,1490
264,java 1.8.0_25,00.425,335,753,1634
265,java 1.8.0_25,00.524,316,725,1629
266,java 1.8.0_25,00.560,322,719,1583
267,java 1.8.0_25,00.518,332,728,1880
268,java 1.8.0_25,00.423,341,709,1482
269,java 1.8.0_25,00.533,337,727,1606
270,java 1.8.0_25,00.472,336,692,2237
271,java 1.8.0_25,00.567,335,776,1767
272,java 1.8.0_25,00.533,351,740,1467
273,java 1.8.0_25,00.633,349,737,1581
274,java 1.8.0_25,00.633,348,722,1598
275,java 1.8.0_25,00.596,362,749,1399
276,java 1.8.0_25,00.827,368,704,1693
277,java 1.8.0_25,00.899,336,712,1883
278,java 1.8.0_25,01.018,377,818,1689
279,java 1.8.0_25,00.851,370,789,1501
280,java 1.8.0_25,00.866,368,765,1670
281,java 1.8.0_25,00.849,359,840,1469
282,java 1.8.0_25,00.958,387,782,1540
283,java 1.8.0_25,01.272,367,776,1459
284,java 1.8.0_25,00.886,375,765,1685
285,java 1.8.0_25,01.204,366,722,1632
286,java 1.8.0_25,00.734,375,795,1623
287,java 1.8.0_25,00.731,355,809,1615
288,java 1.8.0_25,00.731,359,774,2342
289,java 1.8.0_25,00.971,361,801,1755
290,java 1.8.0_25,01.210,396,819,1601
291,java 1.8.0_25,01.036,356,800,2188
292,java 1.8.0_25,00.777,381,766,1881
293,java 1.8.0_25,00.610,369,788,1693
294,java 1.8.0_25,00.578,386,765,1625
295,java 1.8.0_25,00.642,398,786,1603
296,java 1.8.0_25,00.773,367,795,2143
297,java 1.8.0_25,00.661,395,772,1412
298,java 1.8.0_25,00.704,370,777,1945
299,java 1.8.0_25,00.638,407,875,1590
300,java 1.8.0_25,00.579,403,836,1600
301,java 1.8.0_25,00.687,400,774,1851
302,java 1.8.0_25,00.623,381,752,1752
303,java 1.8.0_25,00.608,402,833,2243
304,java 1.8.0_25,00.424,394,818,1844
305,java 1.8.0_25,00.436,387,844,1810
306,java 1.8.0_25,00.505,422,871,1590
307,java 1.8.0_25,00.423,426,873,1715
308,java 1.8.0_25,00.423,404,831,1719
309,java 1.8.0_25,00.392,415,827,2258
310,java 1.8.0_25,00.390,390,865,1871
311,java 1.8.0_25,00.405,411,814,2061
312,java 1.8.0_25,00.364,406,795,1792
313,java 1.8.0_25,00.383,414,843,2071
314,java 1.8.0_25,00.551,422,836,1849
315,java 1.8.0_25,00.446,392,902,1940
316,java 1.8.0_25,00.481,419,842,1935
317,java 1.8.0_25,00.454,431,847,2006
318,java 1.8.0_25,00.472,438,883,1738
319,java 1.8.0_25,00.435,408,851,2170
320,java 1.8.0_25,00.516,409,838,2326
321,java 1.8.0_25,00.515,414,896,1920
322,java 1.8.0_25,00.424,416,885,1950
323,java 1.8.0_25,00.496,431,874,2171
324,java 1.8.0_25,00.435,430,882,1995
325,java 1.8.0_25,00.441,429,910,1973
326,java 1.8.0_25,00.520,445,846,1830
327,java 1.8.0_25,00.499,436,881,1813
328,java 1.8.0_25,00.626,437,872,2141
329,java 1.8.0_25,00.608,413,830,2483
330,java 1.8.0_25,00.597,447,937,2106
331,java 1.8.0_25,00.636,462,921,1657
332,java 1.8.0_25,00.670,432,885,2130
333,java 1.8.0_25,00.569,450,886,1783
334,java 1.8.0_25,00.621,474,909,2185
335,java 1.8.0_25,00.433,459,953,2108
336,java 1.8.0_25,00.402,438,948,2127
337,java 1.8.0_25,00.477,469,962,1951
338,java 1.8.0_25,00.623,442,919,2467
339,java 1.8.0_25,00.825,427,999,2687
340,java 1.8.0_25,00.639,461,942,1883
341,java 1.8.0_25,00.421,469,946,1979
342,java 1.8.0_25,00.422,447,935,2043
343,java 1.8.0_25,00.375,486,968,1979
344,java 1.8.0_25,00.361,451,944,2973
345,java 1.8.0_25,00.366,446,928,2272
346,java 1.8.0_25,00.357,468,941,2246
347,java 1.8.0_25,00.384,502,1000,1796
348,java 1.8.0_25,00.623,467,1005,2551
349,java 1.8.0_25,00.683,463,935,2623
350,java 1.8.0_25,00.557,471,978,2216
351,java 1.8.0_25,00.833,456,941,2541
352,java 1.8.0_25,00.824,467,908,2566
353,java 1.8.0_25,00.450,479,1012,2263
354,java 1.8.0_25,00.417,470,1022,2177
355,java 1.8.0_25,00.402,485,988,2176
356,java 1.8.0_25,00.383,488,973,2193
357,java 1.8.0_25,00.396,459,991,2627
358,java 1.8.0_25,00.530,517,998,1806
359,java 1.8.0_25,00.491,486,1022,2151
360,java 1.8.0_25,00.428,488,1058,2210
361,java 1.8.0_25,00.435,494,975,2036
362,java 1.8.0_25,00.458,481,1037,3085
363,java 1.8.0_25,00.501,479,1016,2226
364,java 1.8.0_25,00.611,488,992,2360
365,java 1.8.0_25,00.520,539,1049,1914
366,java 1.8.0_25,00.611,515,991,2339
367,java 1.8.0_25,00.463,497,1039,1993
368,java 1.8.0_25,00.470,497,1027,2727
369,java 1.8.0_25,00.505,514,1044,2297
370,java 1.8.0_25,00.483,519,1006,2234
371,java 1.8.0_25,00.512,521,1045,2452
372,java 1.8.0_25,00.446,497,1024,2364
373,java 1.8.0_25,00.384,535,1059,1970
374,java 1.8.0_25,00.382,519,1045,2333
375,java 1.8.0_25,00.376,532,1024,2288
376,java 1.8.0_25,00.372,541,1087,2096
377,java 1.8.0_25,00.360,515,1063,2563
378,java 1.8.0_25,00.382,535,1062,2201
379,java 1.8.0_25,00.358,507,1049,2478
380,java 1.8.0_25,00.355,520,1081,2508
381,java 1.8.0_25,00.366,545,1078,2251
382,java 1.8.0_25,00.349,526,1070,2463
383,java 1.8.0_25,00.365,527,1126,2824
384,java 1.8.0_25,00.347,516,1019,2679
385,java 1.8.0_25,00.405,550,1040,2501
386,java 1.8.0_25,00.352,538,1097,2356
387,java 1.8.0_25,00.388,549,1098,2245
388,java 1.8.0_25,00.360,537,1103,2574
389,java 1.8.0_25,00.375,542,1083,2430
390,java 1.8.0_25,00.347,558,1051,2524
391,java 1.8.0_25,00.370,552,1094,2401
392,java 1.8.0_25,00.379,532,1162,2803
393,java 1.8.0_25,00.371,543,1067,3125
394,java 1.8.0_25,00.398,546,1129,2546
395,java 1.8.0_25,00.358,571,1137,2268
396,java 1.8.0_25,00.343,528,1052,2777
397,java 1.8.0_25,00.385,539,1115,2683
398,java 1.8.0_25,00.394,563,1121,2176
399,java 1.8.0_25,00.415,574,1100,2759
400,java 1.8.0_25,00.357,584,1119,2459
401,java 1.8.0_25,00.385,562,1118,2521
402,java 1.8.0_25,00.361,576,1121,2626
403,java 1.8.0_25,00.353,603,1138,2347
404,java 1.8.0_25,00.362,583,1156,2473
405,java 1.8.0_25,00.376,595,1140,2555
406,java 1.8.0_25,00.376,563,1187,2453
407,java 1.8.0_25,00.383,563,1100,2741
408,java 1.8.0_25,00.371,567,1154,2560
409,java 1.8.0_25,00.359,607,1147,2370
410,java 1.8.0_25,00.351,576,1144,2468
411,java 1.8.0_25,00.355,576,1171,2682
412,java 1.8.0_25,00.364,575,1162,2914
413,java 1.8.0_25,00.363,573,1207,2884
414,java 1.8.0_25,00.381,617,1161,2695
415,java 1.8.0_25,00.356,612,1222,2217
416,java 1.8.0_25,00.395,588,1229,2627
417,java 1.8.0_25,00.390,598,1171,3045
418,java 1.8.0_25,00.356,566,1188,2636
419,java 1.8.0_25,00.418,600,1178,2661
420,java 1.8.0_25,00.364,602,1210,2370
421,java 1.8.0_25,00.371,612,1214,2536
422,java 1.8.0_25,00.358,585,1179,2600
423,java 1.8.0_25,00.368,601,1279,2603
424,java 1.8.0_25,00.347,593,1190,3153
425,java 1.8.0_25,00.363,604,1283,3005
426,java 1.8.0_25,00.349,595,1238,2985
427,java 1.8.0_25,00.384,621,1211,2934
428,java 1.8.0_25,00.381,634,1215,2698
429,java 1.8.0_25,00.371,631,1307,2871
430,java 1.8.0_25,00.373,612,1205,3381
431,java 1.8.0_25,00.357,631,1202,2919
432,java 1.8.0_25,00.357,624,1233,2543
433,java 1.8.0_25,00.368,625,1210,2855
434,java 1.8.0_25,00.357,595,1227,2880
435,java 1.8.0_25,00.366,607,1220,3045
436,java 1.8.0_25,00.338,610,1239,2710
437,java 1.8.0_25,00.369,625,1231,2872
438,java 1.8.0_25,00.342,621,1202,2830
439,java 1.8.0_25,00.353,633,1248,3014
440,java 1.8.0_25,00.409,607,1246,3640
441,java 1.8.0_25,00.353,639,1234,2494
442,java 1.8.0_25,00.404,652,1237,2536
443,java 1.8.0_25,00.367,636,1246,2915
444,java 1.8.0_25,00.364,651,1239,2654
445,java 1.8.0_25,00.368,640,1277,3053
446,java 1.8.0_25,00.338,634,1254,3117
447,java 1.8.0_25,00.368,670,1268,2423
448,java 1.8.0_25,00.341,650,1340,2754
449,java 1.8.0_25,00.399,663,1324,2633
450,java 1.8.0_25,00.350,665,1257,2640
451,java 1.8.0_25,00.401,666,1273,2906
452,java 1.8.0_25,00.350,661,1296,2918
453,java 1.8.0_25,00.369,665,1264,2811
454,java 1.8.0_25,00.384,683,1322,2720
455,java 1.8.0_25,00.379,632,1296,3597
456,java 1.8.0_25,00.363,668,1260,3563
457,java 1.8.0_25,00.388,685,1340,2703
458,java 1.8.0_25,00.349,698,1301,2428
459,java 1.8.0_25,00.375,654,1281,3314
460,java 1.8.0_25,00.353,659,1261,2919
461,java 1.8.0_25,00.412,670,1367,2859
462,java 1.8.0_25,00.357,633,1327,3933
463,java 1.8.0_25,00.373,667,1321,3269
464,java 1.8.0_25,00.353,686,1314,2825
465,java 1.8.0_25,00.372,686,1340,2978
466,java 1.8.0_25,00.345,702,1345,3127
467,java 1.8.0_25,00.369,681,1309,3060
468,java 1.8.0_25,00.356,674,1297,3341
469,java 1.8.0_25,00.406,666,1293,3445
470,java 1.8.0_25,00.367,670,1339,3459
471,java 1.8.0_25,00.381,717,1397,2627
472,java 1.8.0_25,00.386,679,1374,3139
473,java 1.8.0_25,00.362,670,1314,3406
474,java 1.8.0_25,00.364,668,1346,3385
475,java 1.8.0_25,00.377,702,1363,2753
476,java 1.8.0_25,00.349,661,1321,2985
477,java 1.8.0_25,00.340,704,1390,2962
478,java 1.8.0_25,00.395,701,1405,3346
479,java 1.8.0_25,00.361,705,1404,3296
480,java 1.8.0_25,00.367,702,1428,3021
481,java 1.8.0_25,00.367,708,1360,3147
482,java 1.8.0_25,00.367,708,1383,2881
483,java 1.8.0_25,00.375,705,1386,3012
484,java 1.8.0_25,00.359,728,1398,3519
485,java 1.8.0_25,00.411,726,1421,3190
486,java 1.8.0_25,00.382,739,1418,3090
487,java 1.8.0_25,00.438,689,1420,3669
488,java 1.8.0_25,00.415,745,1406,2835
489,java 1.8.0_25,00.366,704,1441,3342
490,java 1.8.0_25,00.405,721,1423,3814
491,java 1.8.0_25,00.362,743,1457,2894
492,java 1.8.0_25,00.380,711,1360,3379
493,java 1.8.0_25,00.405,711,1424,3657
494,java 1.8.0_25,00.372,729,1479,3411
495,java 1.8.0_25,00.371,700,1351,3749
496,java 1.8.0_25,00.382,767,1452,2977
497,java 1.8.0_25,00.361,735,1387,3497
498,java 1.8.0_25,00.361,742,1474,3057
499,java 1.8.0_25,00.356,722,1407,3830
500,java 1.8.0_25,00.350,749,1422,3111
501,java 1.8.0_25,00.369,749,1457,3299
502,java 1.8.0_25,00.358,757,1434,3330
503,java 1.8.0_25,00.423,759,1411,2938
504,java 1.8.0_25,00.388,761,1450,3164
505,java 1.8.0_25,00.391,737,1510,3219
506,java 1.8.0_25,00.432,759,1446,3112
507,java 1.8.0_25,00.398,746,1501,3093
508,java 1.8.0_25,00.389,787,1476,3031
509,java 1.8.0_25,00.403,773,1504,3905
510,java 1.8.0_25,00.370,759,1478,3532
511,java 1.8.0_25,00.374,745,1533,3475
512,java 1.8.0_25,00.373,748,1424,3485
513,java 1.8.0_25,00.378,792,1551,2977
514,java 1.8.0_25,00.393,798,1467,3503
515,java 1.8.0_25,00.370,750,1528,3707
516,java 1.8.0_25,00.368,802,1548,2796
517,java 1.8.0_25,00.400,803,1512,3494
518,java 1.8.0_25,00.377,761,1512,3458
519,java 1.8.0_25,00.381,779,1500,3390
520,java 1.8.0_25,00.379,796,1569,3256
521,java 1.8.0_25,00.371,789,1527,3962
522,java 1.8.0_25,00.386,747,1503,3639
523,java 1.8.0_25,00.411,774,1551,3148
524,java 1.8.0_25,00.356,772,1551,3935
525,java 1.8.0_25,00.390,769,1465,3497
526,java 1.8.0_25,00.371,797,1482,3481
527,java 1.8.0_25,00.363,771,1615,3720
528,java 1.8.0_25,00.387,794,1487,3414
529,java 1.8.0_25,00.368,776,1569,3675
530,java 1.8.0_25,00.373,774,1567,3803
531,java 1.8.0_25,00.390,762,1504,4017
532,java 1.8.0_25,00.379,796,1639,3524
533,java 1.8.0_25,00.365,787,1537,3527
534,java 1.8.0_25,00.417,797,1550,3388
535,java 1.8.0_25,00.409,827,1530,3389
536,java 1.8.0_25,00.406,765,1566,4755
537,java 1.8.0_25,00.373,826,1586,3289
538,java 1.8.0_25,00.403,800,1584,4235
539,java 1.8.0_25,00.405,828,1628,4076
540,java 1.8.0_25,00.436,851,1567,3356
541,java 1.8.0_25,00.410,794,1540,3455
542,java 1.8.0_25,00.407,829,1541,4712
543,java 1.8.0_25,00.415,829,1652,3474
544,java 1.8.0_25,00.400,808,1584,3664
545,java 1.8.0_25,00.438,840,1664,3376
546,java 1.8.0_25,00.377,819,1581,3854
547,java 1.8.0_25,00.400,850,1623,3433
548,java 1.8.0_25,00.435,863,1600,3545
549,java 1.8.0_25,00.388,788,1575,4712
550,java 1.8.0_25,00.400,852,1600,3513
551,java 1.8.0_25,00.432,838,1686,3133
552,java 1.8.0_25,00.384,828,1562,4346
553,java 1.8.0_25,00.363,833,1585,4007
554,java 1.8.0_25,00.391,839,1738,3638
555,java 1.8.0_25,00.402,860,1679,3300
556,java 1.8.0_25,00.382,812,1564,4038
557,java 1.8.0_25,00.360,856,1644,3721
558,java 1.8.0_25,00.412,891,1701,3137
559,java 1.8.0_25,00.384,868,1679,3351
560,java 1.8.0_25,00.410,820,1670,3834
561,java 1.8.0_25,00.397,850,1629,4046
562,java 1.8.0_25,00.374,901,1729,2971
563,java 1.8.0_25,00.374,849,1684,3707
564,java 1.8.0_25,00.385,849,1559,3941
565,java 1.8.0_25,00.406,875,1706,3444
566,java 1.8.0_25,00.384,867,1654,3975
567,java 1.8.0_25,00.374,859,1620,4205
568,java 1.8.0_25,00.398,840,1591,5788
569,java 1.8.0_25,00.411,862,1653,3574
570,java 1.8.0_25,00.389,885,1647,3549
571,java 1.8.0_25,00.361,875,1682,4544
572,java 1.8.0_25,00.374,864,1615,3799
573,java 1.8.0_25,00.526,868,1714,3471
574,java 1.8.0_25,00.510,874,1676,3848
575,java 1.8.0_25,00.551,872,1734,4141
576,java 1.8.0_25,00.531,899,1684,3688
577,java 1.8.0_25,00.507,849,1783,4303
578,java 1.8.0_25,00.425,869,1664,4081
579,java 1.8.0_25,00.413,892,1681,4157
580,java 1.8.0_25,00.388,874,1687,4014
581,java 1.8.0_25,00.405,880,1628,3609
582,java 1.8.0_25,00.416,905,1779,3341
583,java 1.8.0_25,00.379,919,1822,3975
584,java 1.8.0_25,00.405,904,1756,3506
585,java 1.8.0_25,00.377,875,1706,4736
586,java 1.8.0_25,00.397,905,1704,4077
587,java 1.8.0_25,00.425,870,1720,5187
588,java 1.8.0_25,00.380,916,1667,3743
589,java 1.8.0_25,00.402,917,1722,3899
590,java 1.8.0_25,00.417,939,1727,3455
591,java 1.8.0_25,00.416,956,1735,3440
592,java 1.8.0_25,00.381,929,1714,4113
593,java 1.8.0_25,00.398,931,1824,3550
594,java 1.8.0_25,00.415,904,1678,4559
595,java 1.8.0_25,00.425,897,1729,4861
596,java 1.8.0_25,00.386,961,1769,3610
597,java 1.8.0_25,00.397,926,1772,4305
598,java 1.8.0_25,00.418,911,1710,4150
599,java 1.8.0_25,00.377,883,1675,4537
600,java 1.8.0_25,00.400,932,1764,3590
601,java 1.8.0_25,00.425,945,1746,4620
602,java 1.8.0_25,00.388,938,1721,4084
603,java 1.8.0_25,00.384,940,1782,3997
604,java 1.8.0_25,00.429,946,1744,4222
605,java 1.8.0_25,00.413,927,1787,4136
606,java 1.8.0_25,00.395,962,1765,3785
607,java 1.8.0_25,00.408,924,1838,4272
608,java 1.8.0_25,00.391,943,1806,4076
609,java 1.8.0_25,00.390,937,1786,4041
610,java 1.8.0_25,00.418,945,1887,3897
611,java 1.8.0_25,00.379,963,1835,4467
612,java 1.8.0_25,00.396,922,1714,4841
613,java 1.8.0_25,00.424,957,1751,3643
614,java 1.8.0_25,00.392,950,1761,4761
615,java 1.8.0_25,00.396,974,1812,4162
616,java 1.8.0_25,00.408,960,1838,4309
617,java 1.8.0_25,00.394,1020,1828,3572
618,java 1.8.0_25,00.395,971,1765,3730
619,java 1.8.0_25,00.431,960,1879,4413
620,java 1.8.0_25,00.387,957,1919,4909
621,java 1.8.0_25,00.660,964,1858,4098
622,java 1.8.0_25,00.686,956,1868,4141
623,java 1.8.0_25,00.735,986,1805,4538
624,java 1.8.0_25,00.729,975,1868,3994
625,java 1.8.0_25,00.916,971,1851,4617
626,java 1.8.0_25,00.992,947,1844,5118
627,java 1.8.0_25,00.787,941,1828,5202
628,java 1.8.0_25,00.637,935,1919,4718
629,java 1.8.0_25,00.624,989,1876,4017
630,java 1.8.0_25,00.615,996,1950,3972
631,java 1.8.0_25,00.546,955,1909,4197
632,java 1.8.0_25,00.589,973,1824,4465
633,java 1.8.0_25,00.628,964,1922,4845
634,java 1.8.0_25,00.612,1020,1858,3998
635,java 1.8.0_25,00.685,1007,1822,4044
636,java 1.8.0_25,00.577,1039,1919,3640
637,java 1.8.0_25,00.618,991,1899,4762
638,java 1.8.0_25,00.547,984,1834,4362
639,java 1.8.0_25,00.593,1025,1839,4336
640,java 1.8.0_25,00.596,994,1867,4303
641,java 1.8.0_25,00.645,1008,1978,3764
642,java 1.8.0_25,00.557,1036,1951,3994
643,java 1.8.0_25,00.566,1016,1912,4188
644,java 1.8.0_25,00.595,1002,1947,5045
645,java 1.8.0_25,00.581,1033,1923,4033
646,java 1.8.0_25,00.609,997,1884,4588
647,java 1.8.0_25,00.580,1039,1941,4250
648,java 1.8.0_25,00.541,977,1975,6251
649,java 1.8.0_25,00.575,978,2014,4977
650,java 1.8.0_25,00.600,1019,1845,4296
651,java 1.8.0_25,00.552,975,1868,7077
652,java 1.8.0_25,00.556,1027,2015,4391
653,java 1.8.0_25,00.577,1012,1894,5314
654,java 1.8.0_25,00.629,1022,1930,4705
655,java 1.8.0_25,00.621,1035,2008,4784
656,java 1.8.0_25,00.523,1025,1892,4490
657,java 1.8.0_25,00.494,1033,1941,4670
658,java 1.8.0_25,00.543,1037,1998,4243
659,java 1.8.0_25,00.597,1086,1944,3867
660,java 1.8.0_25,00.580,1013,1966,4922
661,java 1.8.0_25,00.506,1054,1940,4983
662,java 1.8.0_25,00.505,1021,1960,4710
663,java 1.8.0_25,00.497,1006,1963,4709
664,java 1.8.0_25,00.513,1072,1983,4669
665,java 1.8.0_25,00.492,1023,2061,5032
666,java 1.8.0_25,00.509,1057,1947,4830
667,java 1.8.0_25,00.494,1076,1992,4266
668,java 1.8.0_25,00.548,1047,1976,4925
669,java 1.8.0_25,00.491,1085,1966,4464
670,java 1.8.0_25,00.487,1059,2085,5086
671,java 1.8.0_25,00.505,1075,2063,4472
672,java 1.8.0_25,00.520,1050,2055,4416
673,java 1.8.0_25,00.541,1089,2077,4263
674,java 1.8.0_25,00.535,1134,2027,4078
675,java 1.8.0_25,00.559,1058,2014,4596
676,java 1.8.0_25,00.482,1076,2022,4778
677,java 1.8.0_25,00.522,1063,1988,5174
678,java 1.8.0_25,00.567,1060,2012,5196
679,java 1.8.0_25,00.574,1029,2062,5215
680,java 1.8.0_25,00.586,1077,2057,4210
681,java 1.8.0_25,00.561,1066,2060,5633
682,java 1.8.0_25,00.597,1115,2075,4606
683,java 1.8.0_25,00.589,1083,2064,4424
684,java 1.8.0_25,00.581,1084,2058,5467
685,java 1.8.0_25,00.535,1119,2095,4181
686,java 1.8.0_25,00.569,1105,2092,5030
687,java 1.8.0_25,00.584,1107,2127,4590
688,java 1.8.0_25,00.577,1087,2080,4850
689,java 1.8.0_25,00.541,1108,2130,4494
690,java 1.8.0_25,00.548,1093,2070,4788
691,java 1.8.0_25,00.582,1083,1983,5337
692,java 1.8.0_25,00.581,1132,2071,4528
693,java 1.8.0_25,00.520,1103,2065,5058
694,java 1.8.0_25,00.546,1112,2091,4305
695,java 1.8.0_25,00.642,1106,2142,5050
696,java 1.8.0_25,00.562,1148,2125,4484
697,java 1.8.0_25,00.582,1068,2050,5955
698,java 1.8.0_25,00.573,1075,2036,6756
699,java 1.8.0_25,00.588,1137,2190,5189
700,java 1.8.0_25,00.561,1087,2020,5201
701,java 1.8.0_25,00.544,1116,2120,4970
702,java 1.8.0_25,00.561,1116,2096,5032
703,java 1.8.0_25,00.576,1158,2188,4547
704,java 1.8.0_25,00.576,1151,2171,4947
705,java 1.8.0_25,00.535,1141,2102,4293
706,java 1.8.0_25,00.528,1168,2205,4428
707,java 1.8.0_25,00.528,1135,2114,5121
708,java 1.8.0_25,00.551,1144,2138,4644
709,java 1.8.0_25,00.574,1108,2090,5979
710,java 1.8.0_25,00.589,1158,2143,5074
711,java 1.8.0_25,00.563,1172,2186,4546
712,java 1.8.0_25,00.584,1156,2097,5452
713,java 1.8.0_25,00.593,1108,2106,5897
714,java 1.8.0_25,00.611,1156,2126,5307
715,java 1.8.0_25,00.534,1140,2136,5167
716,java 1.8.0_25,00.470,1146,2178,4916
717,java 1.8.0_25,00.535,1158,2100,4693
718,java 1.8.0_25,00.589,1185,2123,4884
719,java 1.8.0_25,00.583,1206,2258,4290
720,java 1.8.0_25,00.679,1170,2107,4856
721,java 1.8.0_25,00.685,1104,2105,5878
722,java 1.8.0_25,00.703,1147,2125,5885
723,java 1.8.0_25,00.754,1143,2176,5112
724,java 1.8.0_25,00.731,1165,2199,5253
725,java 1.8.0_25,00.583,1177,2194,4834
726,java 1.8.0_25,00.760,1189,2167,5041
727,java 1.8.0_25,01.016,1193,2204,4992
728,java 1.8.0_25,00.952,1168,2228,5575
729,java 1.8.0_25,00.756,1140,2152,5157
730,java 1.8.0_25,00.677,1160,2152,5320
731,java 1.8.0_25,00.616,1145,2227,5496
732,java 1.8.0_25,00.653,1143,2145,5791
733,java 1.8.0_25,00.653,1173,2183,5223
734,java 1.8.0_25,00.641,1190,2175,5692
735,java 1.8.0_25,00.664,1126,2180,6550
736,java 1.8.0_25,00.785,1185,2241,4962
737,java 1.8.0_25,00.658,1165,2209,6048
738,java 1.8.0_25,00.699,1180,2225,5478
739,java 1.8.0_25,00.547,1229,2243,4925
740,java 1.8.0_25,00.575,1208,2216,4680
741,java 1.8.0_25,00.617,1192,2241,5493
742,java 1.8.0_25,00.634,1204,2235,5301
743,java 1.8.0_25,00.548,1217,2224,5700
744,java 1.8.0_25,00.590,1206,2240,5420
745,java 1.8.0_25,00.655,1235,2285,4695
746,java 1.8.0_25,00.609,1217,2232,5042
747,java 1.8.0_25,00.559,1204,2210,4861
748,java 1.8.0_25,00.612,1199,2253,6576
749,java 1.8.0_25,00.600,1220,2231,5053
750,java 1.8.0_25,00.543,1153,2183,7891
751,java 1.8.0_25,00.574,1225,2251,5751
752,java 1.8.0_25,00.576,1266,2283,4838
753,java 1.8.0_25,00.616,1195,2195,6085
754,java 1.8.0_25,00.531,1197,2238,5440
755,java 1.8.0_25,00.612,1166,2222,6024
756,java 1.8.0_25,00.618,1264,2278,4758
757,java 1.8.0_25,00.532,1264,2336,4957
758,java 1.8.0_25,00.568,1240,2376,4970
759,java 1.8.0_25,00.596,1229,2258,5114
760,java 1.8.0_25,00.628,1239,2360,5671
761,java 1.8.0_25,00.557,1241,2293,5502
762,java 1.8.0_25,00.598,1221,2274,5989
763,java 1.8.0_25,00.586,1211,2296,5862
764,java 1.8.0_25,00.611,1166,2214,7003
765,java 1.8.0_25,00.564,1248,2339,5305
766,java 1.8.0_25,00.641,1280,2453,5206
767,java 1.8.0_25,00.612,1246,2345,5275
768,java 1.8.0_25,00.607,1272,2323,5504
769,java 1.8.0_25,00.641,1227,2261,5644
770,java 1.8.0_25,00.580,1265,2279,5342
771,java 1.8.0_25,00.649,1202,2246,6028
772,java 1.8.0_25,00.643,1233,2336,6239
773,java 1.8.0_25,00.544,1261,2287,5851
774,java 1.8.0_25,00.578,1288,2327,5617
775,java 1.8.0_25,00.639,1302,2372,5265
776,java 1.8.0_25,00.675,1204,2308,7301
777,java 1.8.0_25,00.812,1273,2352,5205
778,java 1.8.0_25,00.775,1247,2372,6267
779,java 1.8.0_25,00.942,1274,2301,5425
780,java 1.8.0_25,00.928,1268,2308,5819
781,java 1.8.0_25,00.795,1247,2340,5573
782,java 1.8.0_25,00.783,1284,2389,6014
783,java 1.8.0_25,00.692,1263,2423,5526
784,java 1.8.0_25,00.660,1289,2361,5506
785,java 1.8.0_25,00.662,1267,2403,5987
786,java 1.8.0_25,00.686,1265,2406,5658
787,java 1.8.0_25,00.657,1307,2457,5238
788,java 1.8.0_25,00.683,1297,2424,5909
789,java 1.8.0_25,00.648,1285,2399,6178
790,java 1.8.0_25,00.653,1310,2396,5613
791,java 1.8.0_25,00.620,1269,2419,5837
792,java 1.8.0_25,00.555,1363,2423,6036
793,java 1.8.0_25,00.617,1320,2428,6854
794,java 1.8.0_25,00.641,1267,2447,5576
795,java 1.8.0_25,00.631,1302,2470,5738
796,java 1.8.0_25,00.706,1332,2497,5135
797,java 1.8.0_25,00.820,1315,2422,6186
798,java 1.8.0_25,00.665,1296,2476,6189
799,java 1.8.0_25,00.700,1342,2413,5565
800,java 1.8.0_25,00.656,1352,2473,5036
801,java 1.8.0_25,00.722,1324,2541,4902
802,java 1.8.0_25,00.907,1302,2420,5707
803,java 1.8.0_25,01.079,1304,2441,6546
804,java 1.8.0_25,00.841,1291,2377,7045
805,java 1.8.0_25,00.681,1318,2391,6225
806,java 1.8.0_25,00.664,1323,2411,5963
807,java 1.8.0_25,00.771,1354,2514,5515
808,java 1.8.0_25,00.660,1386,2435,5172
809,java 1.8.0_25,00.627,1319,2405,6510
810,java 1.8.0_25,00.639,1329,2546,5653
811,java 1.8.0_25,00.605,1319,2436,6196
812,java 1.8.0_25,00.729,1323,2530,5685
813,java 1.8.0_25,00.595,1361,2564,5411
814,java 1.8.0_25,00.647,1348,2504,5582
815,java 1.8.0_25,00.578,1303,2558,6490
816,java 1.8.0_25,00.604,1325,2575,5420
817,java 1.8.0_25,00.676,1320,2442,7184
818,java 1.8.0_25,00.668,1341,2609,5860
819,java 1.8.0_25,00.625,1364,2546,6245
820,java 1.8.0_25,00.574,1359,2478,6103
821,java 1.8.0_25,00.551,1341,2425,5562
822,java 1.8.0_25,00.605,1314,2533,6371
823,java 1.8.0_25,00.624,1385,2558,5269
824,java 1.8.0_25,00.635,1383,2610,5651
825,java 1.8.0_25,00.627,1304,2428,7129
826,java 1.8.0_25,00.517,1344,2523,6242
827,java 1.8.0_25,00.544,1412,2592,5572
828,java 1.8.0_25,00.579,1345,2482,6300
829,java 1.8.0_25,00.605,1400,2542,5492
830,java 1.8.0_25,00.642,1345,2495,6643
831,java 1.8.0_25,00.628,1379,2553,6077
832,java 1.8.0_25,00.665,1355,2580,5920
833,java 1.8.0_25,00.560,1351,2505,6558
834,java 1.8.0_25,00.596,1377,2567,6776
835,java 1.8.0_25,00.581,1372,2536,6102
836,java 1.8.0_25,00.632,1381,2644,5862
837,java 1.8.0_25,00.627,1354,2524,7851
838,java 1.8.0_25,00.643,1350,2563,7443
839,java 1.8.0_25,00.642,1366,2601,6001
840,java 1.8.0_25,00.697,1401,2686,5639
841,java 1.8.0_25,00.661,1422,2601,6323
842,java 1.8.0_25,00.643,1388,2549,6208
843,java 1.8.0_25,00.550,1375,2541,7033
844,java 1.8.0_25,00.571,1386,2659,6406
845,java 1.8.0_25,00.630,1352,2611,7488
846,java 1.8.0_25,00.659,1433,2631,5536
847,java 1.8.0_25,00.616,1376,2595,8585
848,java 1.8.0_25,00.628,1381,2544,6901
849,java 1.8.0_25,00.642,1353,2598,6996
850,java 1.8.0_25,00.566,1432,2696,5796
851,java 1.8.0_25,00.577,1388,2546,7212
852,java 1.8.0_25,00.602,1396,2575,6364
853,java 1.8.0_25,00.602,1407,2595,6792
854,java 1.8.0_25,00.606,1364,2495,8424
855,java 1.8.0_25,00.655,1434,2663,5585
856,java 1.8.0_25,00.535,1421,2754,6156
857,java 1.8.0_25,00.611,1432,2652,6110
858,java 1.8.0_25,00.659,1392,2614,6424
859,java 1.8.0_25,00.638,1437,2613,6280
860,java 1.8.0_25,00.643,1419,2536,6662
861,java 1.8.0_25,00.672,1431,2682,6590
862,java 1.8.0_25,00.642,1425,2635,6566
863,java 1.8.0_25,00.561,1416,2674,6428
864,java 1.8.0_25,00.581,1417,2506,7059
865,java 1.8.0_25,00.645,1466,2576,5996
866,java 1.8.0_25,00.642,1422,2656,6059
867,java 1.8.0_25,00.687,1452,2710,6033
868,java 1.8.0_25,00.670,1432,2620,6450
869,java 1.8.0_25,00.618,1441,2622,5842
870,java 1.8.0_25,00.616,1456,2699,6328
871,java 1.8.0_25,00.608,1446,2638,6187
872,java 1.8.0_25,00.598,1372,2573,8312
873,java 1.8.0_25,00.601,1438,2733,6407
874,java 1.8.0_25,00.765,1465,2643,6444
875,java 1.8.0_25,00.606,1447,2658,6398
876,java 1.8.0_25,00.698,1493,2697,6290
877,java 1.8.0_25,00.727,1483,2806,5834
878,java 1.8.0_25,00.809,1425,2773,6090
879,java 1.8.0_25,00.631,1465,2652,7222
880,java 1.8.0_25,00.711,1385,2614,8509
881,java 1.8.0_25,00.939,1468,2633,7077
882,java 1.8.0_25,01.422,1503,2777,7221
883,java 1.8.0_25,00.725,1511,2795,5694
884,java 1.8.0_25,00.725,1432,2728,6858
885,java 1.8.0_25,00.739,1508,2696,6395
886,java 1.8.0_25,00.629,1465,2641,7427
887,java 1.8.0_25,00.653,1481,2795,6654
888,java 1.8.0_25,00.635,1487,2725,6514
889,java 1.8.0_25,00.626,1462,2638,6616
890,java 1.8.0_25,00.710,1517,2736,6154
891,java 1.8.0_25,00.698,1508,2758,6704
892,java 1.8.0_25,00.573,1536,2747,6209
893,java 1.8.0_25,00.614,1501,2787,6026
894,java 1.8.0_25,00.757,1524,2794,6273
895,java 1.8.0_25,00.603,1495,2768,6853
896,java 1.8.0_25,00.682,1509,2835,7356
897,java 1.8.0_25,00.640,1533,2704,5607
898,java 1.8.0_25,00.625,1493,2755,6780
899,java 1.8.0_25,00.602,1492,2800,7406
900,java 1.8.0_25,00.608,1503,2686,7129
901,java 1.8.0_25,00.633,1495,2825,6953
902,java 1.8.0_25,00.652,1551,2791,6504
903,java 1.8.0_25,00.803,1494,2806,7042
904,java 1.8.0_25,00.682,1538,2694,6346
905,java 1.8.0_25,00.716,1510,2797,6804
906,java 1.8.0_25,00.688,1506,2869,6496
907,java 1.8.0_25,00.645,1514,2684,6892
908,java 1.8.0_25,00.680,1520,2782,6822
909,java 1.8.0_25,00.659,1544,2776,7122
910,java 1.8.0_25,00.785,1552,2919,6815
911,java 1.8.0_25,00.665,1536,2760,6399
912,java 1.8.0_25,00.596,1525,2848,6987
913,java 1.8.0_25,00.699,1505,2779,7871
914,java 1.8.0_25,00.693,1516,2876,6754
915,java 1.8.0_25,00.687,1516,2802,6491
916,java 1.8.0_25,00.654,1509,2816,7262
917,java 1.8.0_25,00.684,1580,2922,5694
918,java 1.8.0_25,00.633,1577,2904,7657
919,java 1.8.0_25,00.670,1525,2893,7772
920,java 1.8.0_25,00.681,1545,2868,7592
921,java 1.8.0_25,00.609,1539,2815,7013
922,java 1.8.0_25,00.650,1556,2876,7185
923,java 1.8.0_25,00.594,1586,2829,6794
924,java 1.8.0_25,00.716,1569,2843,6593
925,java 1.8.0_25,00.631,1512,2876,8224
926,java 1.8.0_25,00.662,1574,2869,5927
927,java 1.8.0_25,00.629,1577,2845,6661
928,java 1.8.0_25,00.627,1527,2884,7366
929,java 1.8.0_25,00.599,1567,2830,6234
930,java 1.8.0_25,00.608,1569,2858,7016
931,java 1.8.0_25,00.630,1549,2897,7165
932,java 1.8.0_25,00.841,1564,2901,6392
933,java 1.8.0_25,00.692,1524,2889,7582
934,java 1.8.0_25,00.687,1616,2863,6445
935,java 1.8.0_25,00.676,1573,2873,6815
936,java 1.8.0_25,00.687,1564,2891,6658
937,java 1.8.0_25,00.678,1543,2906,6907
938,java 1.8.0_25,00.796,1638,2899,6401
939,java 1.8.0_25,00.628,1601,2932,6626
940,java 1.8.0_25,00.683,1577,2926,7869
941,java 1.8.0_25,00.738,1574,2906,8916
942,java 1.8.0_25,00.671,1565,2944,7812
943,java 1.8.0_25,00.831,1606,2950,6732
944,java 1.8.0_25,00.827,1540,2879,7349
945,java 1.8.0_25,00.763,1643,2937,6619
946,java 1.8.0_25,00.786,1589,3055,6833
947,java 1.8.0_25,00.668,1605,3041,6915
948,java 1.8.0_25,00.740,1634,3033,6586
949,java 1.8.0_25,00.685,1606,2978,7595
950,java 1.8.0_25,00.754,1599,3056,6805
951,java 1.8.0_25,00.991,1664,2912,6451
952,java 1.8.0_25,00.705,1627,3067,6076
953,java 1.8.0_25,00.669,1623,2935,6691
954,java 1.8.0_25,00.677,1648,3057,7154
955,java 1.8.0_25,00.698,1667,3085,6488
956,java 1.8.0_25,00.695,1626,2975,7211
957,java 1.8.0_25,00.875,1625,3048,8154
958,java 1.8.0_25,00.645,1672,3104,6731
959,java 1.8.0_25,00.652,1630,2921,7500
960,java 1.8.0_25,00.690,1607,3009,7329
961,java 1.8.0_25,00.694,1628,2926,8054
962,java 1.8.0_25,00.734,1665,3009,6380
963,java 1.8.0_25,00.749,1627,3012,7734
964,java 1.8.0_25,00.879,1654,2991,6915
965,java 1.8.0_25,00.659,1681,3069,6598
966,java 1.8.0_25,00.717,1664,3115,6461
967,java 1.8.0_25,00.674,1651,2997,7184
968,java 1.8.0_25,00.662,1634,3052,7264
969,java 1.8.0_25,00.669,1623,3044,7250
970,java 1.8.0_25,00.656,1687,3093,7337
971,java 1.8.0_25,00.794,1673,3082,7253
972,java 1.8.0_25,00.747,1641,3005,7687
973,java 1.8.0_25,00.701,1677,3033,7403
974,java 1.8.0_25,00.672,1651,3021,7509
975,java 1.8.0_25,00.735,1664,3102,7114
976,java 1.8.0_25,00.705,1672,2960,7002
977,java 1.8.0_25,00.897,1700,3017,6683
978,java 1.8.0_25,00.687,1716,3022,7336
979,java 1.8.0_25,00.684,1647,3076,7244
980,java 1.8.0_25,00.808,1727,3058,6410
981,java 1.8.0_25,00.762,1715,3148,6064
982,java 1.8.0_25,00.703,1643,3039,9082
983,java 1.8.0_25,00.696,1648,3050,7908
984,java 1.8.0_25,00.742,1679,2955,8108
985,java 1.8.0_25,00.692,1693,3085,6978
986,java 1.8.0_25,00.734,1654,3183,9064
987,java 1.8.0_25,00.938,1690,3057,7082
988,java 1.8.0_25,00.824,1703,3013,7085
989,java 1.8.0_25,00.689,1758,3146,6594
990,java 1.8.0_25,00.644,1669,3040,7650
991,java 1.8.0_25,00.663,1676,3010,7971
992,java 1.8.0_25,00.668,1614,3063,9663
993,java 1.8.0_25,00.778,1754,3225,6832
994,java 1.8.0_25,00.758,1712,3089,8390
995,java 1.8.0_25,00.643,1690,3158,7979
996,java 1.8.0_25,00.659,1700,3101,7628
997,java 1.8.0_25,00.711,1702,3104,8549
998,java 1.8.0_25,00.817,1721,3107,7511
999,java 1.8.0_25,00.684,1716,3102,7141
1000,java 1.8.0_25,00.797,1744,3123,7236
